lanefollowerp=0.000000
lanefolloweri=0.000000
lanefollowerd=0.000000
