lanefollowerp=1.200000
lanefolloweri=0.200000
lanefollowerd=0.010000
